-38 -56 -53 -47 -61 -72 -83 1
-42 -54 -49 -41 -68 -71 -77 1
-63 -48 -54 -65 -67 -82 -80 0
-41 -57 -51 -40 -66 -78 -71 1
-56 -56 -62 -64 -70 -79 -86 0
-40 -70 -47 -43 -69 -73 -84 1
-58 -56 -61 -66 -75 -84 -78 0
-62 -58 -57 -65 -70 -82 -91 0
-62 -52 -56 -63 -64 -78 -81 0
-42 -60 -56 -44 -74 -76 -80 1
-40 -57 -47 -42 -64 -74 -71 1
-37 -50 -56 -39 -67 -69 -70 1
-60 -53 -59 -64 -70 -80 -90 0
-36 -59 -57 -19 -70 -69 -75 1
-66 -58 -61 -63 -73 -81 -85 0
-41 -58 -53 -38 -65 -79 -72 1
-34 -54 -56 -42 -68 -76 -75 1
-63 -57 -67 -66 -79 -86 -89 0
-10 -57 -57 -36 -73 -82 -72 1
-40 -55 -56 -41 -70 -74 -73 1
-44 -59 -63 -42 -72 -79 -80 1
-60 -53 -59 -64 -65 -76 -81 0
-59 -55 -65 -62 -62 -81 -77 0
-42 -54 -52 -40 -61 -73 -71 1
-65 -60 -59 -63 -76 -86 -82 0
-15 -60 -59 -37 -65 -74 -73 1
-59 -57 -59 -64 -73 -79 -84 0
-41 -57 -59 -44 -65 -76 -77 1
-58 -59 -59 -65 -65 -82 -94 0
-62 -59 -63 -64 -70 -84 -84 0
-67 -57 -64 -71 -75 -89 -87 0
-41 -57 -55 -43 -65 -71 -76 1
-62 -51 -61 -71 -67 -79 -80 0
-62 -56 -56 -61 -68 -81 -86 0
-59 -60 -57 -62 -67 -80 -84 0
-65 -56 -63 -66 -80 -83 -88 0
-59 -57 -53 -61 -63 -79 -87 0
-37 -56 -55 -45 -64 -61 -69 1
-38 -52 -62 -37 -69 -73 -71 1
-61 -58 -60 -64 -73 -81 -82 0
-60 -52 -51 -59 -73 -79 -81 0
-39 -51 -50 -43 -63 -71 -66 1
-41 -59 -65 -47 -75 -68 -66 1
-40 -53 -50 -40 -60 -69 -74 1
-69 -59 -70 -67 -75 -82 -82 0
-39 -56 -53 -49 -70 -80 -75 1
-51 -57 -59 -45 -77 -75 -81 1
-62 -57 -54 -66 -71 -81 -83 0
-65 -54 -65 -70 -74 -83 -82 0
-13 -55 -55 -21 -70 -73 -77 1
-43 -62 -66 -43 -73 -77 -76 1
-64 -56 -58 -71 -69 -88 -84 0
-69 -59 -59 -65 -78 -86 -87 0
-46 -51 -51 -36 -67 -73 -76 1
-49 -56 -60 -47 -72 -80 -79 1
-66 -52 -63 -63 -68 -80 -87 0
-65 -58 -70 -66 -71 -85 -83 0
-42 -52 -54 -35 -65 -69 -73 1
-40 -54 -52 -38 -60 -69 -75 1
-41 -58 -53 -43 -61 -70 -70 1
-67 -57 -60 -60 -75 -83 -87 0
-40 -63 -67 -40 -75 -70 -70 1
-40 -56 -53 -44 -69 -77 -79 1
-45 -52 -59 -43 -71 -74 -79 1
-37 -56 -58 -36 -80 -72 -70 1
-35 -54 -55 -40 -61 -79 -73 1
-34 -53 -56 -18 -70 -76 -75 1
-47 -58 -55 -45 -62 -79 -85 1
-62 -56 -61 -65 -74 -78 -76 0
-37 -53 -56 -35 -74 -76 -79 1
-59 -54 -60 -65 -66 -80 -90 0
-43 -58 -56 -41 -69 -79 -78 1
-65 -60 -60 -62 -75 -83 -79 0
-60 -54 -59 -65 -73 -83 -84 0
-42 -56 -50 -43 -68 -76 -77 1
-65 -59 -61 -67 -70 -80 -83 0
-63 -56 -60 -62 -70 -84 -91 0
-48 -58 -56 -38 -65 -67 -76 1
-39 -51 -64 -38 -71 -78 -78 1
-66 -53 -59 -62 -69 -81 -79 0
-62 -57 -59 -72 -73 -86 -82 0
-14 -55 -57 -34 -67 -71 -72 1
-73 -61 -65 -65 -77 -89 -90 0
-68 -55 -66 -68 -75 -82 -83 0
-60 -58 -57 -65 -69 -80 -89 0
-45 -56 -60 -46 -81 -79 -75 1
-41 -58 -66 -41 -73 -71 -79 1
-62 -55 -58 -62 -67 -81 -77 0
-58 -48 -59 -59 -64 -84 -77 0
-38 -56 -55 -39 -75 -71 -75 1
-11 -63 -65 -18 -70 -72 -73 1
-58 -54 -58 -62 -75 -81 -81 0
-60 -55 -58 -61 -72 -83 -82 0
-58 -50 -61 -68 -64 -85 -91 0
-62 -54 -58 -64 -65 -77 -85 0
-38 -57 -55 -38 -62 -67 -65 1
-57 -54 -56 -56 -68 -79 -82 0
-62 -56 -57 -63 -69 -87 -91 0
-43 -59 -54 -39 -63 -79 -87 1
-42 -53 -62 -27 -63 -72 -79 1
-63 -52 -56 -59 -66 -80 -80 0
-57 -58 -65 -62 -77 -80 -87 0
-60 -58 -56 -65 -68 -79 -86 0
-36 -56 -53 -43 -63 -65 -70 1
-39 -57 -55 -37 -67 -70 -73 1
-63 -51 -50 -63 -67 -83 -79 0
-63 -58 -66 -63 -68 -87 -83 0
-38 -59 -61 -36 -68 -69 -73 1
-60 -56 -62 -61 -69 -82 -81 0
-65 -59 -65 -63 -68 -80 -83 0
-39 -57 -55 -42 -61 -74 -75 1
-59 -58 -62 -67 -65 -80 -83 0
-44 -57 -64 -40 -75 -69 -64 1
-59 -55 -62 -64 -68 -77 -86 0
-36 -54 -54 -37 -66 -75 -71 1
-36 -56 -62 -36 -80 -71 -69 1
-63 -57 -66 -66 -68 -83 -81 0
-44 -53 -52 -36 -70 -72 -76 1
-60 -56 -56 -64 -67 -84 -85 0
-62 -50 -57 -59 -72 -82 -84 0
-62 -51 -53 -60 -67 -78 -85 0
-59 -54 -56 -65 -74 -79 -85 0
-43 -60 -68 -46 -72 -83 -79 1
-64 -54 -56 -65 -74 -85 -87 0
-36 -55 -51 -37 -75 -71 -70 1
-34 -60 -52 -37 -71 -66 -75 1
-64 -51 -57 -67 -68 -84 -82 0
-45 -58 -55 -46 -69 -75 -73 1
-61 -54 -56 -59 -68 -82 -83 0
-56 -55 -59 -68 -74 -84 -79 0
-63 -65 -60 -63 -77 -81 -87 0
-65 -57 -60 -64 -74 -81 -90 0
-59 -55 -56 -64 -69 -83 -84 0
-36 -60 -53 -36 -63 -70 -77 1
-61 -59 -65 -63 -74 -89 -87 0
-42 -53 -50 -44 -71 -68 -64 1
-40 -55 -57 -50 -66 -75 -73 1
-68 -57 -61 -65 -71 -85 -85 0
-63 -57 -59 -67 -71 -82 -93 0
-61 -56 -64 -61 -72 -83 -86 0
-67 -61 -63 -64 -71 -85 -84 0
-62 -53 -61 -59 -74 -84 -81 0
-59 -49 -57 -58 -65 -76 -79 0
-61 -60 -57 -61 -74 -81 -82 0
-66 -57 -61 -61 -73 -81 -90 0
-64 -55 -54 -64 -68 -89 -81 0
-35 -58 -61 -38 -67 -71 -71 1
-43 -47 -50 -45 -65 -66 -69 1
-49 -56 -58 -50 -64 -75 -73 1
-56 -53 -64 -61 -72 -84 -81 0
-41 -53 -49 -38 -71 -69 -75 1
-40 -57 -51 -46 -65 -75 -79 1
-38 -56 -56 -37 -62 -67 -67 1
-38 -58 -60 -42 -66 -82 -79 1
-41 -58 -58 -42 -64 -79 -80 1
-68 -63 -68 -64 -74 -86 -84 0
-73 -63 -65 -70 -80 -89 -93 0
-43 -55 -63 -37 -64 -67 -76 1
-60 -56 -58 -65 -70 -80 -87 0
-36 -54 -53 -46 -63 -66 -76 1
-66 -56 -54 -69 -65 -82 -82 0
-42 -54 -54 -43 -59 -74 -72 1
-57 -53 -56 -58 -68 -75 -80 0
-68 -57 -64 -68 -77 -88 -85 0
-38 -56 -48 -39 -71 -72 -71 1
-36 -55 -54 -40 -71 -71 -71 1
-40 -53 -49 -41 -71 -66 -65 1
-37 -59 -57 -38 -69 -68 -73 1
-35 -51 -53 -37 -63 -72 -76 1
-38 -55 -57 -41 -66 -73 -69 1
-62 -63 -57 -69 -71 -82 -82 0
-65 -56 -62 -62 -68 -83 -90 0
-36 -54 -56 -16 -61 -64 -79 1
-59 -50 -56 -59 -62 -78 -79 0
-43 -54 -59 -40 -68 -76 -74 1
-41 -52 -57 -41 -63 -73 -68 1
-38 -58 -53 -40 -63 -77 -70 1
-62 -57 -58 -63 -70 -85 -86 0
-38 -55 -51 -43 -64 -73 -73 1
-16 -58 -58 -13 -68 -76 -90 1
-59 -52 -61 -61 -76 -75 -78 0
-44 -55 -61 -41 -66 -72 -68 1
-39 -54 -55 -37 -61 -77 -79 1
-42 -56 -52 -36 -75 -68 -81 1
-60 -54 -61 -65 -70 -82 -88 0
-66 -53 -58 -63 -69 -81 -80 0
-62 -51 -58 -61 -63 -77 -80 0
-65 -54 -57 -66 -70 -82 -80 0
-65 -58 -61 -62 -71 -81 -86 0
-35 -54 -59 -46 -62 -66 -70 1
-41 -54 -59 -41 -60 -76 -74 1
-37 -57 -55 -40 -75 -71 -64 1
-34 -57 -55 -35 -59 -71 -69 1
-40 -54 -49 -43 -62 -70 -65 1
-63 -55 -63 -68 -77 -87 -89 0
-36 -60 -57 -37 -80 -72 -72 1
-61 -52 -54 -63 -64 -84 -82 0
-61 -59 -62 -65 -66 -81 -83 0
-50 -58 -57 -42 -76 -74 -80 1
-63 -51 -57 -60 -66 -79 -82 0
-37 -60 -53 -39 -65 -70 -68 1
-19 -59 -67 -35 -65 -66 -74 1
-37 -55 -55 -40 -73 -72 -74 1
-37 -55 -56 -37 -67 -70 -66 1
-62 -57 -60 -65 -72 -83 -87 0
-66 -62 -64 -68 -73 -89 -83 0
-44 -52 -51 -36 -78 -72 -77 1
-39 -56 -58 -37 -64 -76 -72 1
-67 -56 -60 -66 -73 -93 -87 0
-62 -59 -62 -63 -74 -86 -81 0
-62 -58 -59 -66 -68 -87 -88 0
-37 -56 -56 -35 -69 -73 -69 1
-65 -60 -67 -66 -68 -84 -89 0
-37 -50 -50 -36 -58 -69 -75 1
-65 -61 -64 -68 -77 -86 -89 0
-60 -62 -66 -66 -71 -84 -85 0
-68 -57 -60 -61 -73 -87 -87 0
-64 -57 -63 -59 -68 -82 -83 0
-65 -58 -65 -65 -74 -89 -85 0
-36 -55 -55 -36 -60 -73 -72 1
-62 -52 -61 -66 -65 -85 -89 0
-36 -57 -60 -20 -71 -74 -74 1
-40 -53 -51 -37 -78 -73 -77 1
-14 -56 -57 -35 -68 -77 -72 1
-63 -59 -64 -66 -72 -84 -90 0
-44 -57 -62 -41 -75 -65 -68 1
-37 -53 -57 -38 -71 -68 -64 1
-50 -55 -59 -41 -82 -75 -78 1
-64 -66 -54 -67 -70 -83 -82 0
-34 -48 -51 -37 -70 -78 -69 1
-38 -53 -51 -39 -68 -76 -72 1
-37 -53 -51 -37 -66 -71 -75 1
-41 -58 -60 -47 -70 -82 -74 1
-61 -56 -63 -62 -73 -87 -91 0
-18 -63 -62 -38 -72 -71 -73 1
-62 -51 -54 -59 -64 -77 -81 0
-59 -56 -58 -68 -62 -80 -81 0
-64 -58 -60 -68 -66 -86 -88 0
-58 -54 -62 -66 -76 -83 -86 0
-34 -53 -59 -36 -75 -73 -69 1
-62 -51 -54 -60 -74 -74 -82 0
-35 -56 -55 -36 -69 -67 -78 1
-62 -58 -62 -65 -75 -90 -81 0
-36 -60 -57 -37 -68 -66 -77 1
-68 -63 -65 -74 -81 -84 -89 0
-41 -56 -60 -39 -72 -74 -66 1
-41 -60 -54 -43 -73 -80 -74 1
-60 -51 -59 -63 -68 -81 -76 0
-40 -52 -53 -39 -61 -75 -73 1
-48 -58 -57 -45 -73 -86 -92 1
-42 -51 -54 -41 -67 -72 -77 1
-70 -64 -66 -73 -78 -87 -94 0
-64 -57 -63 -59 -69 -82 -86 0
-64 -59 -62 -63 -69 -84 -81 0
-61 -60 -60 -65 -67 -82 -78 0
-40 -56 -58 -42 -67 -62 -71 1
-63 -59 -65 -62 -65 -83 -80 0
-59 -56 -62 -59 -67 -75 -78 0
-58 -50 -55 -54 -61 -84 -87 0
-40 -59 -59 -39 -73 -71 -72 1
-58 -56 -51 -59 -65 -81 -84 0
-43 -55 -55 -44 -68 -76 -79 1
-65 -55 -55 -67 -63 -82 -89 0
-60 -55 -58 -57 -75 -74 -82 0
-62 -60 -61 -66 -69 -80 -86 0
-39 -56 -53 -46 -57 -73 -77 1
-59 -49 -53 -59 -62 -81 -83 0
-21 -61 -62 -16 -76 -74 -74 1
-60 -54 -56 -64 -70 -78 -80 0
-66 -55 -64 -71 -75 -94 -83 0
-40 -63 -64 -50 -64 -75 -78 1
-36 -51 -67 -40 -63 -74 -68 1
-63 -59 -60 -65 -69 -81 -84 0
-41 -55 -58 -43 -60 -71 -72 1
-26 -57 -53 -37 -67 -72 -69 1
-61 -60 -68 -62 -77 -90 -80 0
-61 -53 -54 -58 -71 -82 -86 0
-36 -60 -53 -35 -72 -71 -64 1
-64 -56 -61 -73 -66 -88 -83 0
-61 -54 -64 -63 -68 -83 -81 0
-61 -56 -62 -67 -66 -81 -88 0
-16 -55 -56 -15 -64 -78 -76 1
-60 -59 -61 -62 -68 -81 -85 0
-44 -57 -53 -46 -67 -78 -79 1
-64 -54 -61 -63 -65 -88 -86 0
-63 -58 -64 -66 -70 -81 -91 0
-35 -53 -62 -35 -68 -70 -69 1
-60 -55 -60 -59 -67 -81 -87 0
-49 -54 -55 -53 -66 -73 -80 1
-64 -59 -65 -70 -84 -90 -89 0
-43 -54 -55 -41 -68 -71 -74 1
-36 -56 -56 -37 -59 -66 -75 1
-10 -58 -62 -20 -73 -76 -74 1
-63 -55 -63 -62 -68 -89 -85 0
-10 -58 -54 -18 -70 -72 -73 1
-61 -58 -64 -61 -64 -78 -82 0
-14 -59 -64 -16 -79 -76 -72 1
-43 -56 -59 -37 -64 -74 -77 1
-41 -53 -56 -36 -62 -75 -77 1
-58 -53 -61 -62 -64 -78 -81 0
-40 -57 -58 -38 -64 -74 -79 1
-62 -54 -56 -64 -75 -88 -85 0
-56 -58 -60 -59 -66 -80 -77 0
-37 -51 -54 -43 -60 -69 -70 1
-38 -57 -60 -39 -68 -73 -74 1
-39 -59 -49 -37 -68 -70 -72 1
-67 -59 -62 -66 -80 -96 -82 0
-57 -59 -58 -66 -67 -78 -82 0
-62 -55 -54 -62 -69 -79 -81 0
-35 -60 -54 -35 -61 -81 -80 1
-62 -60 -64 -74 -76 -81 -91 0
-65 -56 -63 -71 -77 -89 -85 0
-45 -53 -51 -36 -78 -72 -76 1
-63 -57 -63 -64 -67 -81 -83 0
-63 -55 -62 -66 -76 -89 -85 0
-36 -55 -58 -37 -76 -72 -69 1
-65 -51 -59 -61 -66 -81 -84 0
-12 -56 -58 -16 -70 -75 -79 1
-40 -54 -52 -35 -68 -71 -76 1
-37 -56 -58 -45 -65 -67 -72 1
-60 -57 -60 -66 -76 -82 -80 0
-35 -57 -54 -35 -64 -78 -76 1
-17 -63 -60 -14 -72 -72 -77 1
-46 -55 -54 -45 -62 -76 -73 1
-65 -53 -60 -62 -69 -85 -83 0
-50 -55 -58 -43 -73 -75 -80 1
-58 -54 -58 -58 -67 -84 -88 0
-61 -59 -58 -62 -65 -78 -78 0
-36 -57 -52 -40 -66 -75 -75 1
-17 -61 -60 -15 -72 -69 -79 1
-64 -57 -56 -63 -68 -85 -81 0
-42 -54 -49 -41 -63 -69 -64 1
-39 -54 -55 -37 -64 -70 -70 1
-36 -55 -59 -37 -63 -70 -73 1
-26 -55 -55 -38 -71 -71 -70 1
-41 -59 -54 -41 -58 -80 -80 1
-61 -52 -58 -59 -70 -76 -79 0
-57 -55 -58 -64 -65 -87 -79 0
-35 -59 -57 -42 -66 -71 -70 1
-56 -55 -56 -59 -64 -83 -83 0
-42 -54 -58 -41 -63 -75 -78 1
-71 -62 -65 -68 -83 -85 -86 0
-63 -58 -58 -64 -66 -81 -83 0
-39 -58 -54 -39 -62 -71 -77 1
-44 -58 -58 -41 -75 -70 -64 1
-40 -53 -50 -40 -62 -69 -65 1
-19 -63 -66 -20 -79 -73 -72 1
-62 -53 -59 -62 -66 -82 -87 0
-38 -51 -54 -45 -67 -72 -76 1
-61 -54 -57 -67 -67 -82 -84 0
-42 -55 -56 -43 -73 -76 -75 1
-62 -53 -55 -60 -68 -76 -79 0
-59 -52 -58 -65 -66 -82 -80 0
-40 -54 -52 -39 -65 -70 -74 1
-20 -56 -55 -37 -61 -79 -72 1
-45 -57 -55 -48 -67 -77 -84 1
-39 -54 -55 -37 -71 -64 -67 1
-70 -62 -62 -67 -69 -88 -86 0
-36 -55 -53 -46 -63 -68 -71 1
-63 -60 -60 -67 -76 -85 -84 0
-41 -59 -53 -40 -62 -72 -76 1
-69 -61 -62 -62 -75 -85 -84 0
-62 -55 -65 -59 -69 -86 -87 0
-61 -56 -58 -67 -68 -80 -81 0
-37 -60 -52 -38 -65 -70 -70 1
-46 -58 -59 -40 -71 -78 -76 1
-19 -60 -56 -36 -63 -70 -75 1
-36 -54 -52 -20 -66 -70 -74 1
-43 -59 -63 -40 -74 -66 -64 1
-60 -52 -59 -65 -66 -82 -80 0
-19 -59 -55 -37 -73 -72 -66 1
-17 -53 -57 -17 -70 -77 -73 1
-40 -59 -57 -43 -74 -65 -66 1
-60 -54 -57 -66 -64 -81 -83 0
-50 -56 -55 -47 -63 -86 -77 1
-59 -59 -58 -62 -64 -78 -81 0
-34 -62 -57 -36 -61 -71 -71 1
-37 -54 -54 -41 -64 -72 -78 1
-65 -61 -63 -63 -69 -82 -84 0
-57 -56 -58 -58 -66 -85 -80 0
-48 -56 -54 -39 -67 -78 -82 1
-66 -59 -64 -67 -77 -87 -85 0
-57 -54 -59 -63 -65 -80 -80 0
-45 -58 -59 -42 -66 -81 -75 1
-60 -59 -55 -66 -66 -82 -86 0
-45 -58 -63 -45 -80 -76 -65 1
-63 -58 -61 -67 -69 -86 -85 0
-63 -57 -66 -63 -68 -82 -82 0
-61 -53 -52 -60 -72 -75 -81 0
-41 -56 -54 -41 -76 -65 -68 1
-60 -57 -66 -64 -70 -84 -88 0
-63 -58 -59 -65 -74 -86 -84 0
-62 -58 -61 -68 -70 -85 -86 0
-35 -54 -56 -34 -61 -71 -74 1
-58 -55 -58 -61 -67 -78 -80 0
-62 -56 -67 -63 -68 -82 -86 0
-59 -52 -61 -57 -69 -83 -78 0
-64 -55 -60 -74 -66 -87 -87 0
-37 -60 -53 -37 -64 -68 -67 1
-64 -55 -62 -66 -65 -85 -81 0
-61 -54 -60 -61 -74 -87 -83 0
-68 -58 -65 -65 -76 -87 -82 0
-62 -58 -58 -63 -68 -82 -84 0
-61 -51 -58 -62 -71 -80 -84 0
-64 -56 -64 -71 -75 -87 -87 0
-35 -52 -55 -38 -62 -66 -85 1
-57 -54 -57 -61 -62 -80 -79 0
-40 -52 -50 -41 -64 -69 -66 1
-39 -56 -54 -48 -61 -78 -67 1
-60 -56 -56 -63 -65 -80 -83 0
-61 -55 -62 -62 -65 -82 -81 0
-43 -58 -50 -45 -71 -68 -74 1
-60 -56 -59 -66 -68 -81 -83 0
-65 -59 -65 -67 -89 -85 -83 0
-41 -58 -54 -42 -71 -65 -71 1
-67 -55 -68 -67 -74 -83 -83 0
-65 -62 -60 -65 -68 -83 -82 0
-64 -60 -63 -63 -72 -86 -84 0
-38 -55 -54 -42 -63 -78 -71 1
-18 -53 -60 -17 -71 -74 -71 1
-57 -56 -56 -61 -70 -77 -77 0
-66 -59 -64 -68 -68 -97 -83 0
-40 -52 -49 -41 -62 -69 -65 1
-19 -62 -56 -13 -74 -72 -77 1
-19 -60 -54 -35 -69 -69 -78 1
-62 -57 -60 -64 -67 -80 -88 0
-38 -56 -48 -39 -63 -70 -73 1
-64 -55 -63 -66 -76 -88 -83 0
-59 -51 -58 -57 -64 -76 -85 0
-50 -57 -61 -50 -74 -83 -79 1
-68 -51 -59 -67 -65 -80 -87 0
-37 -54 -55 -42 -63 -71 -78 1
-63 -59 -61 -61 -66 -79 -80 0
-65 -54 -60 -64 -65 -87 -82 0
-58 -49 -55 -60 -70 -78 -80 0
-18 -57 -63 -16 -72 -73 -66 1
-45 -58 -62 -40 -73 -70 -67 1
-66 -58 -56 -66 -79 -86 -93 0
-59 -53 -58 -66 -65 -82 -78 0
-59 -51 -64 -57 -69 -80 -80 0
-48 -63 -55 -42 -71 -81 -79 1
-12 -60 -68 -15 -74 -73 -70 1
-39 -48 -51 -38 -63 -69 -89 1
-39 -56 -55 -39 -68 -74 -73 1
-40 -54 -57 -42 -64 -67 -71 1
-59 -60 -61 -66 -66 -81 -85 0
-34 -61 -52 -27 -61 -67 -69 1
-61 -56 -66 -65 -71 -85 -88 0
-73 -62 -66 -65 -81 -87 -89 0
-67 -56 -65 -66 -75 -83 -81 0
-64 -59 -66 -63 -74 -87 -87 0
-34 -61 -61 -36 -60 -73 -76 1
-58 -51 -59 -63 -69 -81 -80 0
-66 -57 -60 -68 -74 -82 -88 0
-63 -57 -58 -62 -73 -86 -85 0
-18 -62 -56 -15 -71 -70 -79 1
-41 -60 -65 -51 -72 -74 -78 1
-48 -63 -58 -44 -74 -79 -78 1
-58 -54 -61 -59 -68 -78 -76 0
-63 -58 -62 -71 -74 -92 -94 0
-69 -58 -56 -61 -73 -81 -93 0
-40 -50 -50 -37 -64 -71 -78 1
-67 -59 -62 -65 -71 -91 -84 0
-57 -56 -54 -69 -75 -83 -81 0
-44 -63 -67 -46 -63 -81 -78 1
-46 -57 -55 -44 -65 -86 -77 1
-40 -50 -49 -51 -65 -75 -80 1
-58 -51 -59 -65 -74 -86 -82 0
-65 -60 -62 -68 -69 -84 -89 0
-36 -57 -61 -38 -63 -79 -71 1
-64 -58 -59 -61 -70 -84 -86 0
-37 -58 -55 -38 -60 -74 -76 1
-63 -59 -61 -62 -78 -90 -82 0
-68 -55 -67 -70 -76 -82 -81 0
-15 -58 -56 -15 -74 -76 -71 1
-13 -54 -57 -21 -77 -72 -72 1
-41 -54 -52 -37 -68 -73 -77 1
-64 -61 -62 -65 -70 -85 -87 0
-61 -56 -67 -61 -69 -82 -87 0
-39 -52 -56 -36 -64 -68 -69 1
-18 -57 -63 -34 -72 -65 -75 1
-40 -55 -53 -35 -64 -70 -82 1
-46 -54 -53 -48 -71 -78 -73 1
-44 -58 -63 -39 -80 -71 -72 1
-36 -53 -57 -40 -66 -70 -69 1
-61 -54 -64 -59 -68 -86 -88 0
-39 -54 -53 -45 -68 -78 -81 1
-62 -50 -61 -64 -73 -80 -81 0
-45 -57 -59 -43 -71 -74 -79 1
-38 -55 -53 -37 -72 -71 -73 1
-39 -55 -54 -48 -76 -73 -80 1
-61 -59 -63 -60 -69 -87 -88 0
-39 -53 -51 -43 -70 -72 -70 1
-37 -59 -57 -43 -73 -65 -66 1
-65 -59 -66 -65 -68 -82 -85 0
-34 -54 -61 -34 -70 -72 -73 1
-61 -57 -65 -59 -67 -86 -87 0
-37 -55 -55 -42 -69 -66 -69 1
-61 -56 -65 -65 -66 -77 -81 0
-48 -58 -58 -44 -71 -77 -79 1
-38 -54 -53 -36 -66 -73 -75 1
-35 -53 -57 -46 -64 -65 -70 1
-62 -57 -61 -64 -68 -82 -82 0
-62 -54 -62 -68 -80 -80 -78 0
-45 -57 -58 -45 -77 -78 -80 1
-61 -58 -58 -62 -66 -81 -81 0
-48 -53 -60 -36 -58 -73 -77 1
-37 -56 -55 -38 -71 -75 -78 1
-60 -57 -66 -60 -68 -87 -89 0
-68 -56 -65 -67 -76 -87 -85 0
-56 -54 -58 -62 -68 -77 -81 0
-37 -53 -54 -37 -67 -79 -72 1
-62 -57 -56 -63 -66 -84 -82 0
-36 -58 -52 -26 -61 -70 -70 1
-65 -50 -51 -57 -70 -80 -79 0
-66 -56 -57 -66 -73 -84 -87 0
-17 -56 -54 -36 -66 -73 -77 1
-46 -59 -54 -52 -67 -77 -83 1
-40 -53 -56 -42 -69 -74 -78 1
-36 -50 -58 -41 -74 -74 -69 1
-63 -54 -55 -64 -72 -84 -81 0
-61 -55 -58 -67 -69 -84 -86 0
-67 -56 -65 -68 -69 -83 -82 0
-59 -55 -61 -65 -68 -84 -84 0
-62 -56 -61 -63 -65 -83 -89 0
-36 -59 -55 -40 -65 -66 -69 1
-37 -56 -58 -39 -66 -70 -72 1
-66 -60 -62 -62 -70 -82 -85 0
-62 -53 -62 -64 -68 -79 -82 0
-62 -56 -63 -66 -74 -82 -80 0
-36 -57 -58 -36 -62 -74 -73 1
-66 -55 -63 -65 -68 -85 -90 0
-64 -57 -62 -67 -68 -83 -84 0
-41 -56 -50 -43 -66 -77 -76 1
-63 -57 -64 -69 -75 -85 -83 0
-62 -59 -61 -59 -69 -82 -83 0
-38 -55 -51 -41 -72 -70 -73 1
-56 -51 -62 -62 -71 -77 -82 0
-63 -56 -61 -61 -68 -83 -87 0
-58 -54 -52 -61 -74 -75 -82 0
-38 -55 -56 -36 -64 -70 -66 1
-63 -58 -65 -66 -73 -86 -89 0
-62 -55 -59 -63 -72 -76 -87 0
-40 -58 -52 -41 -66 -63 -75 1
-67 -60 -66 -65 -75 -86 -87 0
-61 -62 -64 -65 -73 -81 -90 0
-37 -58 -53 -43 -76 -66 -69 1
-58 -57 -66 -61 -68 -85 -83 0
-57 -53 -59 -64 -71 -80 -79 0
-62 -51 -58 -65 -72 -80 -88 0
-62 -58 -57 -62 -72 -81 -81 0
-39 -57 -50 -35 -63 -70 -79 1
-64 -58 -60 -67 -68 -84 -81 0
-64 -56 -69 -64 -73 -89 -85 0
-63 -53 -60 -68 -67 -87 -85 0
-38 -57 -61 -38 -69 -73 -70 1
-42 -55 -57 -44 -69 -73 -77 1
-38 -56 -52 -41 -76 -71 -66 1
-62 -63 -62 -65 -68 -87 -86 0
-70 -64 -63 -69 -83 -85 -87 0
-43 -53 -51 -42 -73 -71 -66 1
-64 -56 -64 -65 -75 -85 -90 0
-43 -53 -53 -38 -63 -76 -73 1
-37 -56 -56 -38 -68 -70 -66 1
-63 -61 -61 -63 -68 -82 -83 0
-68 -57 -62 -68 -77 -91 -86 0
-37 -52 -57 -36 -71 -66 -75 1
-60 -57 -58 -59 -70 -76 -80 0
-72 -59 -65 -75 -81 -84 -91 0
-67 -56 -67 -70 -74 -81 -82 0
-38 -52 -50 -41 -69 -68 -72 1
-13 -63 -65 -16 -74 -73 -74 1
-38 -62 -57 -41 -77 -65 -68 1
-65 -58 -62 -67 -77 -86 -91 0
-38 -55 -57 -37 -64 -68 -73 1
-35 -58 -50 -35 -62 -72 -67 1
-38 -58 -59 -41 -65 -68 -74 1
-60 -58 -57 -59 -66 -82 -83 0
-64 -57 -62 -68 -71 -85 -85 0
-44 -50 -57 -45 -61 -72 -67 1
-37 -60 -53 -38 -65 -67 -70 1
-58 -55 -58 -61 -64 -81 -84 0
-43 -60 -55 -46 -71 -76 -79 1
-37 -59 -57 -36 -64 -66 -70 1
-17 -59 -63 -15 -70 -76 -85 1
-66 -59 -65 -68 -75 -88 -84 0
-36 -56 -57 -46 -68 -68 -70 1
-17 -74 -60 -15 -73 -71 -80 1
-50 -57 -57 -50 -70 -77 -80 1
-35 -53 -55 -47 -61 -66 -71 1
-41 -59 -53 -40 -69 -80 -78 1
-17 -56 -57 -35 -71 -69 -74 1
-12 -54 -54 -11 -70 -75 -74 1
-62 -55 -64 -61 -60 -81 -77 0
-38 -52 -54 -38 -64 -73 -77 1
-37 -54 -55 -37 -67 -71 -70 1
-59 -54 -59 -64 -74 -80 -81 0
-38 -54 -53 -42 -69 -72 -66 1
-65 -61 -65 -67 -69 -87 -84 0
-19 -53 -60 -37 -69 -72 -69 1
