4.430902778744254533e-01
3.349207880409591498e-01
3.077197974457606677e-01
1.509205837308407183e-01
2.778089437988480737e-01
2.716192816584810377e-01
2.933806814814032271e-01
2.498399458540921936e-01
2.964945464819257470e-01
2.618225575712397890e-01
1.948908197309854318e-01
3.707697904399667732e-01
3.705054433766024058e-01
4.367658450922358715e-01
3.040026913741488146e-01
2.676258068319287142e-01
2.563712041904375738e-01
1.762818147533625202e-01
3.785893947406527849e-01
2.119145895910819477e-01
2.051962778383861763e-01
2.835480080461967312e-01
4.188918684059672048e-01
3.189373013781529598e-01
2.180971888058825248e-01
2.429605439910360321e-01
3.500195972930263411e-01
2.871589309450460759e-01
2.384930919744615851e-01
2.815975422177648402e-01
3.596045013124296585e-01
4.580888626501041783e-01
2.004701336835250092e-01
2.498866471049304705e-01
2.356987124338738582e-01
1.064733461457064156e-01
2.260966382643369021e-01
2.180899391325729630e-01
3.899182367165974772e-01
2.894468613759278997e-01
1.701371643331802130e-01
3.517340361816137517e-01
2.714983392442604226e-01
1.605487170437232824e-01
2.522680286652640436e-01
2.529124496249405274e-01
2.300894161790160153e-01
3.023771052288813377e-01
1.201393785938714986e-01
2.785790508123154874e-01
3.810546753509195250e-01
3.682238272763319609e-01
3.886549999947994105e-01
3.895512524255113074e-01
4.190034505594031344e-01
2.105359452479708127e-01
3.676666725645745259e-01
1.511288376846308956e-01
2.517691916794225215e-01
1.468422365275348362e-01
3.838518009797003971e-01
4.066990255553989408e-01
2.842068256673400128e-01
4.419716025124748038e-01
2.460217991750629218e-01
3.120493492292018001e-01
3.122356562209985253e-01
2.148643780850780227e-01
3.350357289024065710e-01
4.551182768320395367e-01
2.180055300313530620e-01
3.719470756672651479e-01
2.876394518480570039e-01
4.415701842634994212e-01
3.387030678080424351e-01
3.540973119890449827e-01
3.514530624476574494e-01
3.199269365380666974e-01
1.883389197887460065e-01
4.113330326195845932e-01
1.903464789958386749e-01
3.190850553924720612e-01
3.491261670203275047e-01
2.329670181838164600e-01
3.116050571282822368e-01
3.934305829041313540e-01
2.980716423943015614e-01
2.289074065717640605e-01
6.674097985658300480e-02
2.222527597941912347e-01
2.527137009211299912e-01
2.586866105769220492e-01
2.232003055818226611e-01
3.301836187290560498e-01
2.540233263605835567e-01
2.912436532895513186e-01
3.543257279860405617e-01
2.315650265072095038e-01
2.759835140384359065e-01
4.726519473645535152e-01
3.699428578088416186e-01
1.965170694462572420e-01
2.936207249451542323e-01
3.451588414635677338e-01
3.986776835562524934e-01
3.119189115744792629e-01
2.575534284515916261e-01
2.415578685045335627e-01
3.516049587987127301e-01
3.250448299219285131e-01
2.586681660161480045e-01
2.848742666851429850e-01
2.667041587895881416e-01
3.579726126591559754e-01
2.448031458148907102e-01
3.389131580214891915e-01
3.681215160387766305e-01
3.388999460886649162e-01
2.332608119462571961e-01
4.075993965297790567e-01
2.457429856527078571e-01
3.341148059552060401e-01
2.397332165122021963e-01
1.604711799487124613e-01
3.180600212996655962e-01
3.229628131755859499e-01
2.938047231552048388e-01
3.220854797794274194e-01
2.481271289354814447e-01
2.410028130032993154e-01
2.865527921102468123e-01
4.527421447413252364e-01
3.651851633001059749e-01
2.584006596721948879e-01
3.446970563877938543e-01
2.617308271645431561e-01
2.634191370289354350e-01
3.687427206611740282e-01
2.579788283875493193e-01
1.659492292652323675e-01
2.274804239540537121e-01
3.070732164961604838e-01
3.102406256892880632e-01
3.993293214526831836e-01
2.427179361986064599e-01
3.585172588656084236e-01
3.340773399879827243e-01
2.880788982227598383e-01
3.668675121745578194e-01
3.393695122331037428e-01
2.310153210450500705e-01
3.857347143826235225e-01
2.023278464083093087e-01
3.047692346472263281e-01
3.001955329591388111e-01
3.339708576687885344e-01
2.419653215681190073e-01
2.972045291558327307e-01
2.887503978387265247e-01
3.797670693674921050e-01
2.363268245421287772e-01
3.058196423321147828e-01
2.791007612262385029e-01
1.961562689864413955e-01
5.140889974122950790e-01
2.943024778271551289e-01
1.810673543263391361e-01
4.126901567079167554e-01
2.143531600677997251e-01
3.296695977624207741e-01
3.690265675970212933e-01
2.481254381779153251e-01
2.655287955691518764e-01
2.567783788967556990e-01
2.896511192199156537e-01
1.702031063624305229e-01
2.011490700715101720e-01
2.887370846252300671e-01
3.831161693883564645e-01
3.505395341943269294e-01
4.383533943368237429e-01
3.555241817655538927e-01
2.591096805957668892e-01
2.901725275509568491e-01
1.375685156977361490e-01
2.231379911828852980e-01
2.183712576956811646e-01
3.216474739976531438e-01
3.518263837927886328e-01
2.551701264892670129e-01
2.529198704256456764e-01
1.762755341751137683e-01
2.897790353691312437e-01
3.198534421717458276e-01
3.356624766922514103e-01
2.373832765242028797e-01
4.590791743848440798e-01
3.956046668777020714e-01
2.923809921039500770e-01
2.578249776532831605e-01
2.742732245526253165e-01
3.120904297322393273e-01
2.985097827554432648e-01
3.386823029926645523e-01
3.615172126153349264e-01
4.092994274847134850e-01
3.917811834490088629e-01
2.911816675678460808e-01
3.310600331427915322e-01
2.690298255057629873e-01
2.530223750137350347e-01
4.528661481085092255e-01
2.632123079825520739e-01
4.592590249857796403e-01
2.720771685613975754e-01
3.202260072977239913e-01
3.871527638549039363e-01
3.019137617447131827e-01
3.314500225006453138e-01
2.806892160152514859e-01
2.619580113749401806e-01
2.867378381494849471e-01
2.480226063402380388e-01
4.305106363166875116e-01
2.865841117786828707e-01
4.378135358277359668e-01
8.519130577602995746e-02
3.014736635771720907e-01
3.449561337937668837e-01
2.764943009729912138e-01
3.875722463359002612e-01
3.511753884162491790e-01
2.780319903742477505e-01
3.348007406537395481e-01
5.249502700004698985e-01
3.201596101346581014e-01
3.239601864965570566e-01
2.648006951017627952e-01
3.106797632818245058e-01
1.968591044950614988e-01
2.841367794669628632e-01
4.966070101032680761e-01
3.853772440589043891e-01
3.513136524475238276e-01
3.883137331683996774e-01
4.505403992885987918e-01
3.474870491832896535e-01
4.656702820620868266e-01
3.855838686765594714e-01
3.133215608014613407e-01
4.375581244230909439e-01
1.112628209589777428e-01
2.542920830456979475e-01
3.212629637398404236e-01
2.270327269492891653e-01
2.875153277736400281e-01
2.488967282897890376e-01
2.476467830731466369e-01
5.169541067624003894e-01
3.501979111258702870e-01
2.956841720647609972e-01
4.052133779419904158e-01
2.810130019575126648e-01
3.708271740136632744e-01
3.280652672770038025e-01
4.301258883966971869e-01
1.864102954937453538e-01
3.612576857619033133e-01
3.097799796292045604e-01
2.074093299468607876e-01
3.852336145266132550e-01
2.302099470936455616e-01
4.295390787677586530e-01
3.410474406722005525e-01
3.556387186468449868e-01
3.064365910597783849e-01
3.723622789406985656e-01
1.507479062012129223e-01
3.059782235159949626e-01
2.497399354556719686e-01
3.226128245901234148e-01
2.962274474677478731e-01
3.493262306652548665e-01
2.329894842590288229e-01
4.471321509749854872e-01
4.852686877800361231e-01
2.833373265533798979e-01
2.988021451345900803e-01
3.230046120293084688e-01
4.011268600302129173e-01
4.517520764642908859e-01
2.035357767353188074e-01
2.507913148468389752e-01
2.150275101257735910e-01
2.109775079648936458e-01
1.688563002146413472e-01
3.290242788973708477e-01
2.072770827983034525e-01
4.202609562164388857e-01
3.726654973072375809e-01
2.176232379749378221e-01
2.175833105834753534e-01
2.510092465852709065e-01
4.119972396817491722e-01
2.320314112229590886e-01
1.805160265768769035e-01
2.960460891795728688e-01
3.298711955201088508e-01
2.474194011933751325e-01
4.295544645312563414e-01
3.192365424331670143e-01
3.362430229419899885e-01
2.315573823213387117e-01
2.968216129123928404e-01
2.874784948617533642e-01
1.182204708303314644e-01
3.230125782968689130e-01
1.564154371742142169e-01
2.976971483510273409e-01
1.820845738545408821e-01
4.615720513676283554e-01
3.261009818358924783e-01
3.689086091107018905e-01
3.735206504836195984e-01
1.940409042164110420e-01
1.174566148031570001e-01
2.736337477724509193e-01
3.717719797749093891e-01
3.072827609261867265e-01
3.628345797661672312e-01
3.749306058408166664e-01
1.806082319183495988e-01
3.230146978974756666e-01
4.573179702332269558e-01
2.543574163917641795e-01
1.376742299409531856e-01
2.814476357441915710e-01
2.628265023080879059e-01
3.334704818094936796e-01
2.286074932269260285e-01
3.072573418422916980e-01
1.226065911170678424e-01
3.683170697325110488e-01
4.269493234453025088e-01
4.038302091086766188e-01
1.787827473257763145e-01
3.255356940700482871e-01
6.128238360944288088e-02
3.226548737424391744e-01
2.948511862488623625e-01
2.203364604433986074e-01
3.275035614798639250e-01
3.110411724006429401e-01
3.751602283356337275e-01
3.101846819391645971e-01
3.188021610291538188e-01
1.443942190261005287e-01
2.072221639207913468e-01
2.619280490472376544e-01
3.237475624616139025e-01
2.994960976834131761e-01
4.200712285520825096e-01
2.303872647969873733e-01
2.808294341227623447e-01
3.204064555826224847e-01
2.814802072298634994e-01
3.396464316141512008e-01
2.543549740796102188e-01
4.136273844127437149e-01
2.744327887253686371e-01
3.892756147665459299e-01
2.975757306239108502e-01
4.193217877062288546e-01
1.881507191329844786e-01
3.413438043282654988e-01
2.653938899080097724e-01
3.185120608817187393e-01
3.954244132443897608e-01
2.088722560950841411e-01
1.942376212218419329e-01
2.201306497104170146e-01
3.203510059441690427e-01
1.490530459711356115e-01
3.077274987501145698e-01
1.971016537898099830e-01
2.085022538930298430e-01
2.704657803853282028e-01
3.304478067664241570e-01
2.498868397211298220e-01
2.606364885486057159e-01
2.966524617455342239e-01
2.781811571091099000e-01
8.587829079675876609e-02
2.655919514338389575e-01
3.067971246256711582e-01
3.878223590032504609e-01
4.637066221091808438e-01
3.533590279673358148e-01
3.063273754168847063e-01
2.228189226152432478e-01
5.606864044957685644e-01
6.434676282736293551e-01
7.017573893823108033e-01
4.443386399138318787e-01
5.783686714757141356e-01
6.478725359187263999e-01
7.732974003011313657e-01
5.806708582882296188e-01
4.850195540694759444e-01
4.672480411491260477e-01
5.071071125525878909e-01
4.717695755284069259e-01
6.491843017844378672e-01
6.783166867036838354e-01
6.369828186749794119e-01
6.930623491682967874e-01
4.955477754042184602e-01
5.956402070417143868e-01
5.038404189243381737e-01
5.552390425903709348e-01
6.969982890962765909e-01
5.464317625816401680e-01
3.262233042814404738e-01
5.196620814859760351e-01
4.644580245175264355e-01
3.689299456249086617e-01
4.551561172977526826e-01
6.652749763959824314e-01
7.517092778686342847e-01
4.913192749880587740e-01
6.703043004115940562e-01
6.913866521766902640e-01
4.108249278554368944e-01
5.452764754303386363e-01
5.446647794951655630e-01
5.706862814597707390e-01
3.587499027541756202e-01
5.081029313049291174e-01
6.769385448474745104e-01
7.014643839008164461e-01
7.697634497222289873e-01
5.094989145379298368e-01
7.743409067556071834e-01
6.299086134027838124e-01
3.868958598730989351e-01
6.413931138464626924e-01
5.077263958898947660e-01
6.122891516947140955e-01
5.376971268943897542e-01
6.949886369041182732e-01
5.807872191303770082e-01
5.160993978278447525e-01
6.657958922126145929e-01
5.807466131707312851e-01
5.004452319060793686e-01
7.032729234467015589e-01
5.009985709059149306e-01
4.735438164326694066e-01
4.852510465561243880e-01
3.741433494281781735e-01
4.836151396626755528e-01
7.733053230445426918e-01
4.410059277710991488e-01
5.510102684490193470e-01
4.170179980553619936e-01
4.766376217869038867e-01
7.322430590739608114e-01
6.575626883073363294e-01
4.767699579709517854e-01
5.507464139300446426e-01
4.508795245722905243e-01
4.558953577290399961e-01
4.402213362353710191e-01
4.423432267719710764e-01
5.891139127741809034e-01
6.216151800102878155e-01
6.085890991163702690e-01
5.296675771763906804e-01
3.870345759571490740e-01
5.419467434033018449e-01
4.390847509794613135e-01
6.557561359023380554e-01
6.167731533543465705e-01
6.396269836849732826e-01
5.081958020232583140e-01
3.326776991765628688e-01
6.649475672302591622e-01
6.971585601931953313e-01
3.720020069864907186e-01
5.665499253078154496e-01
6.931903094994111836e-01
4.209131740463633031e-01
7.621219331043866951e-01
5.081161052175130477e-01
4.209531867577567255e-01
7.145989649115640496e-01
5.853438563812234374e-01
4.716234206116800554e-01
6.555745543469682080e-01
3.153079445956357141e-01
7.678367652192094051e-01
4.520499927579459398e-01
5.843181127683592102e-01
5.021660595693455686e-01
6.023478537710315051e-01
6.565510867384365401e-01
4.511336674029925442e-01
6.443635501460226456e-01
5.147160102772989632e-01
4.674568588199100594e-01
5.231147671352646134e-01
4.294469673534294651e-01
4.545198912241288358e-01
6.638960607827241178e-01
5.319012349148011243e-01
6.869839717492645104e-01
6.018108393194123718e-01
4.268838044377024077e-01
3.222554286860640493e-01
4.675309818293635900e-01
5.816951787251636308e-01
5.510575503895794869e-01
4.503885255264455378e-01
6.715374760307732949e-01
3.405131794834612702e-01
3.989624095376815838e-01
5.652754122815490945e-01
8.132515783237592721e-01
5.996720953859194791e-01
4.293712408423137616e-01
6.211188567992860232e-01
6.320075889107077405e-01
6.625428313037330375e-01
5.008162559347379972e-01
4.540328272868232040e-01
5.641860735221141399e-01
5.998329854901733871e-01
7.417882297453636253e-01
8.007578649834501405e-01
4.620316079477924665e-01
4.872434047601210683e-01
5.423712303291423620e-01
5.200273472086605064e-01
6.082948212604287752e-01
6.082884646113591032e-01
5.809476380590338218e-01
7.112885549236950267e-01
5.309786890696349682e-01
4.239030473012384004e-01
3.627278527507192818e-01
4.266232150417981206e-01
4.246890494603452471e-01
3.239891403099945943e-01
6.295825323806882867e-01
5.722321402333940821e-01
4.992648727068630943e-01
4.432133225143069510e-01
3.602865548424911690e-01
4.396336483872335110e-01
7.717490867942208288e-01
2.847050032505722972e-01
5.670172620860195467e-01
6.392364364900228191e-01
5.663358675661119834e-01
5.119834095023523268e-01
6.421688732018947521e-01
4.176006088143815465e-01
6.166653994442803377e-01
7.216836846050715959e-01
4.250350736198619805e-01
4.516199912286517071e-01
5.663128450279115711e-01
6.687487354973867815e-01
7.106977956103143201e-01
6.316752344221484572e-01
4.696596671354547059e-01
4.162704745518781557e-01
5.791574291248757778e-01
5.977909152300056039e-01
4.179337226566488539e-01
5.571748582448372566e-01
5.898684958426112512e-01
6.754076791878741437e-01
4.311324755672913400e-01
6.168357433910450771e-01
4.096869043374358199e-01
4.988096824698961540e-01
5.406067901731993475e-01
7.321499509477314982e-01
9.477165087061633075e-01
5.804254810365154782e-01
6.094349795595085384e-01
6.709049937652278306e-01
3.866012532225575060e-01
6.418796082076928533e-01
4.009912167557324048e-01
7.454934367964192177e-01
7.232190117918254613e-01
6.101847619928150168e-01
4.531961782977425024e-01
7.501630325059102100e-01
5.811626049641961389e-01
5.632292250908623732e-01
6.195452016033968778e-01
3.445184114696936972e-01
6.014199307019091334e-01
6.695329783489497588e-01
5.906801177950296022e-01
5.674310494575196540e-01
4.355610260647097554e-01
6.272265794802640571e-01
5.740562736487168083e-01
5.510876543941970462e-01
4.824154097458971946e-01
6.527405332058078269e-01
6.996621243628555753e-01
5.965775409035197763e-01
6.576098886891879047e-01
7.091227956810126631e-01
7.405793374294673548e-01
5.770780180542569582e-01
5.244006374841616580e-01
5.002064957808042278e-01
5.516496414818906624e-01
6.162359689874508106e-01
6.625818322152278173e-01
4.987909574806152491e-01
5.679829067873309878e-01
4.304103979469987018e-01
7.016756808527256917e-01
5.030246736666520446e-01
5.929505353565778236e-01
4.636755924964820474e-01
5.142068751198128895e-01
4.676804675048453763e-01
7.545959869148702870e-01
5.931236490296896147e-01
5.300266401940958438e-01
4.362829221016608638e-01
4.767640342124350172e-01
6.182446074869917263e-01
7.499110021614290300e-01
3.782933403484330936e-01
4.399544129198423303e-01
5.289054205488523674e-01
4.746079178464459036e-01
3.508981517525978644e-01
5.523171699598481421e-01
6.401251061241032270e-01
3.607466368505591880e-01
5.753151732009514907e-01
6.657607490264046968e-01
6.676392793081659116e-01
4.996155167778402184e-01
8.265698855119949506e-01
6.166136085747927487e-01
4.526720538100303948e-01
6.681158727874682013e-01
4.152894437537222316e-01
6.574323344153489845e-01
3.985534787037824933e-01
6.448651088120893604e-01
4.799725878854448347e-01
6.858745675200320635e-01
6.388812897445942385e-01
6.036649503200008926e-01
5.570358920754765464e-01
6.804419508514819581e-01
3.335989704492613450e-01
6.019065204782021450e-01
5.996119241581003845e-01
6.174579870967914497e-01
6.491474586479264453e-01
9.942949885119833908e-01
5.640139201784178935e-01
6.465399441065038388e-01
5.682842196272454016e-01
7.387201681534740771e-01
3.075027421758393387e-01
7.537537035019425957e-01
4.679432299939005335e-01
2.785310448545506579e-01
4.206177307179103653e-01
5.290576794757188006e-01
5.733094298212358941e-01
5.444930365636604375e-01
6.480181268721240118e-01
5.457787616386000629e-01
5.424162878513492103e-01
2.927781367674649471e-01
6.084812880368076771e-01
6.712290041335616797e-01
4.995192604641610634e-01
3.247498840949604171e-01
3.896193411315918564e-01
7.508273965970286845e-01
4.772551305689733958e-01
4.702499339738600570e-01
4.516658689511350300e-01
6.317060940791081602e-01
4.794587736425980906e-01
4.457161700903874979e-01
3.692364658098420405e-01
5.370641222307210860e-01
6.701137206362139942e-01
5.322480540411559380e-01
6.558663618686917385e-01
5.710511664933448639e-01
5.677404249455384466e-01
5.714767491196721672e-01
5.541329698100475598e-01
6.731446022109945915e-01
6.085423482463908629e-01
4.806267184813254323e-01
5.654344056029717569e-01
5.408842438363617999e-01
6.081918375363667417e-01
5.716379981097967633e-01
5.997493526161036259e-01
3.727213786518325245e-01
5.955509396505610509e-01
7.076334470181124825e-01
3.879767266778700319e-01
7.421119049306901250e-01
5.856487262574706643e-01
5.250701797515592295e-01
3.334614220986618638e-01
6.805116424114932006e-01
4.336540554396515756e-01
4.886571073354799011e-01
6.155085120098904294e-01
4.269304160533881065e-01
4.315799920691991698e-01
4.118463611298698313e-01
5.366367779631682211e-01
6.206243704776993608e-01
5.983607274759120687e-01
5.988883367825396098e-01
5.086983709372578932e-01
5.668563300656226378e-01
4.671951101642699555e-01
7.897210375929454296e-01
5.733672585377920239e-01
3.154017561173538819e-01
4.216830644255961102e-01
7.421563373768946814e-01
3.860215254849223010e-01
4.974766251014786089e-01
5.984350858279995355e-01
4.184051581166424172e-01
6.779925636596961791e-01
7.514900175443320895e-01
4.510312991225772783e-01
6.855154787029353880e-01
4.430532386310046533e-01
4.302460108753612955e-01
5.794822106181590771e-01
5.785517612671725596e-01
4.784757518379468832e-01
6.510429090924584328e-01
3.736982024723827789e-01
4.473200871158321545e-01
4.206556733229940281e-01
6.410036401586317600e-01
6.464682645433162955e-01
6.300328534886522336e-01
3.945279434675953434e-01
5.659321758773551148e-01
6.049184216450032014e-01
3.559624025745988796e-01
4.513968276343852670e-01
6.275034811082770281e-01
6.344384992112243049e-01
5.806281754664313066e-01
6.150490809896240751e-01
5.888915267648060503e-01
5.679902460818020415e-01
5.368891768725203573e-01
4.454281324962583999e-01
5.205342015434549774e-01
5.016502066425795325e-01
8.281329649154212103e-01
5.812288870494244364e-01
5.487165841189698412e-01
5.221627000496691373e-01
5.361753915516650482e-01
5.173279705344199231e-01
6.153646010233865260e-01
5.464666209723453294e-01
6.473295640711291821e-01
4.665788687836001092e-01
5.920281505973546965e-01
6.552587444884284684e-01
4.114889216723290888e-01
5.701323998336882415e-01
5.796480937866520522e-01
5.098303274003259666e-01
4.915406828272022577e-01
3.274107871671766423e-01
6.878585515161605990e-01
4.380491456041790688e-01
4.011555354898967973e-01
6.289496166125976284e-01
3.301270372776216044e-01
6.655925350255446071e-01
6.021062950159108418e-01
6.217707540157485502e-01
5.303198994942512901e-01
4.039184111521926246e-01
3.233484424806171709e-01
7.248174427943772091e-01
4.933670863766344006e-01
4.879982619695618640e-01
7.398595307241081498e-01
4.742317031004821271e-01
5.214448378017035868e-01
5.215601872890714974e-01
5.335048306544458718e-01
4.252669761823598127e-01
4.827743552670635263e-01
7.042586855526539180e-01
6.413311760942546069e-01
1.927449625258221833e-01
3.149762032786573851e-01
5.900364127914404788e-01
5.364454854138281936e-01
5.050568276531511858e-01
6.751287160875680815e-01
3.358888809227795758e-01
6.939510457037183500e-01
5.657909108359210348e-01
6.158087280697478461e-01
5.804043878787248367e-01
6.515368823713393320e-01
5.199601849403435727e-01
4.849290361780919101e-01
6.437885601313987349e-01
5.710123342828231641e-01
3.994853813569548273e-01
7.119537009743613920e-01
6.952917403519038864e-01
7.229725455072260054e-01
5.595636389408796818e-01
5.920639289090497970e-01
5.042149142243989024e-01
4.332604825604751131e-01
5.578566468652087496e-01
5.711810200387149594e-01
4.704686300143346434e-01
7.695633771181206173e-01
3.560902288195912924e-01
4.521586355230470256e-01
4.694354543877504726e-01
7.049446474203922008e-01
5.192091418632078792e-01
5.110074058157455523e-01
4.437410464479807359e-01
4.582605628139617138e-01
3.934456154954584783e-01
6.718644654702033980e-01
6.230668672468050451e-01
6.688040790063530805e-01
4.705168190477956314e-01
8.514300253509308192e-01
4.322425483781184852e-01
3.035423593411047394e-01
5.149468174103903895e-01
5.664543248193275593e-01
6.407608767788361970e-01
4.279083166152013451e-01
6.209026269333255410e-01
7.549422872377832272e-01
4.477690278400772717e-01
4.611800325593974348e-01
3.456567544971260730e-01
5.789129193523548933e-01
6.528896521016325227e-01
6.420328788574041212e-01
6.500347798542943645e-01
7.199376330132702950e-01
5.652930970547445089e-01
6.643326370356561483e-01
4.358059342989500928e-01
4.550912165672494902e-01
5.789039417594504799e-01
4.518373961755925983e-01
6.186043855792356938e-01
7.150061676678094447e-01
5.984243518284909635e-01
4.615082139988548326e-01
4.601828973682455248e-01
7.138439810736411095e-01
4.542237016964414953e-01
5.607180775538906925e-01
5.189326173193947733e-01
5.563625700191365819e-01
6.815643267706223973e-01
4.853448267381758607e-01
3.807528576669723108e-01
7.242083381666893915e-01
5.767616984054355633e-01
6.370874958587781078e-01
5.476746299634940307e-01
6.433147678211583731e-01
7.017685077945635674e-01
7.139591584032153326e-01
5.171855110264329536e-01
5.077417213361765658e-01
5.973841882519247415e-01
5.748605847864907137e-01
6.178955535767312046e-01
4.646873546263528554e-01
2.710361403188095708e-01
6.040023844093191929e-01
6.437494745609591007e-01
6.271618245511522138e-01
7.491331490479268274e-01
6.522674610316558930e-01
5.033999953708654385e-01
6.682511087237915648e-01
5.398078296157161615e-01
7.006341994089175795e-01
5.785585349152576606e-01
6.044212762789034077e-01
5.773268502753351461e-01
5.565406043774387967e-01
3.704112755027420545e-01
5.569287967928814309e-01
2.772942074840653581e-01
6.097363600907672598e-01
6.690302699692546318e-01
7.961323938713531501e-01
5.948891685966275489e-01
4.640204222633985132e-01
3.592508092959798005e-01
7.837324187460459335e-01
3.788475681958466401e-01
6.574628084117363214e-01
2.732476601591716792e-01
5.438212756956030125e-01
6.319868213480848151e-01
5.890282960447216221e-01
5.450151470465740555e-01
4.510349314845756297e-01
4.412000598229193216e-01
6.710354284530024582e-01
6.022875925255334328e-01
5.307293886012097728e-01
5.748192206328269771e-01
4.387957152344601486e-01
6.726749039440031996e-01
7.013169243314036905e-01
4.564179093523103581e-01
5.622425064491474167e-01
6.757896762500790189e-01
4.729805763012896458e-01
7.941492135547055797e-01
7.312754748838425911e-01
5.165348862939157515e-01
6.674526541354686149e-01
7.494635781775645933e-01
4.007091453248153856e-01
6.243069051355640831e-01
5.326779776086102425e-01
5.240156262029764811e-01
6.352367904430731294e-01
4.927507327021181660e-01
3.820297113796986554e-01
3.793405163945134939e-01
5.476317596699190604e-01
6.254681586886299272e-01
5.471348115735046314e-01
5.316885501836254857e-01
5.463044294730348138e-01
7.047175550331309379e-01
6.136543997380077275e-01
4.604906743433520022e-01
5.153458412530195210e-01
6.945626865139429285e-01
4.803637405390497328e-01
5.026316949857414507e-01
5.469922880288394795e-01
4.222106960576864632e-01
6.582841659573552828e-01
2.872631353183981440e-01
7.241646527598151195e-01
4.977809964821157118e-01
3.992102059973771100e-01
5.838716177075019553e-01
3.446531676647035525e-01
6.144820409803202210e-01
6.428348798579697210e-01
4.808907585092768722e-01
5.033325468755804888e-01
6.638493753699975519e-01
4.695106333298320611e-01
5.527002792500333994e-01
5.917139825712709467e-01
7.371951812990926722e-01
4.896309736562697301e-01
